$ANSIBLE_VAULT;1.1;AES256
33653261336235626462313432613936626438613138346139643637666336313433343738326530
6432666664633833343636343330303933333164636336350a376335353631373632616361613963
33626435353533646466386563653164623439616335636237613539633131636535306362616334
3239306436626539390a306666396537383235636137663465323837633539633166333037623331
34643266303866373861303462383165346166363832383561663439303866616461626666393935
37663339613031656664613838666264316261653864313238376564613130656531356561393630
36386235623164323861373931303531383535303232326565316434656661323235336335316338
32633862363232316438306635333134663437366364323637303637353536396432616636393533
37366639396162346237366165383937636664653634376565666366393435376139386163363865
35366261383431393166643265623833353365626136333531366162353137333232633563616432
62396466393134336665393939613565316535646136646632656366316233653633306565326561
66323532353931663366343236373136633930363134363563383734646261326130643265343232
39393562653565363664396338326537366663393063653035633965653162353233346531366661
62653462663964653337376163373630376138303464666263663630333837326334613530386662
66353430616161653832373832323231316163623265613038323633343064643536333666393736
61633866616134363939366337396137356165626131356335616465306531626637626231316138
64643438336164316636363832663439383764633064343136306438663036623765316566323135
66343465336135353235313937643634656136623534313664313035353533373464356637646462
30323934646530376663363131363331663065336164653366333463383338386430326638336538
30623961356233656231363335393831646631643734363366326636623931353132633262636263
3233
