$ANSIBLE_VAULT;1.1;AES256
63643363303966663439626137363833383934643662373730366632393539333664303534653432
6234313537343232303735613931346264666136313464660a386661316163326432343039616434
39383039383633643131656531633937363434336636643666373539353539363562623634306566
6163343134613333320a613163653563633933613136303361333934366163306434623666376361
62373635393033626562653337356639306134323638336663653465323862383566306130346130
34383837633032386339343937623333313438353034623933666335313430303738333538616632
63653964396230353137666536326534646264363463393638653763613261373462626637656666
36383961313639363865306466643237656263303231313739393634653338323734393430313562
62663530333132636661396235303762333735306165653035616166633461326136663433386333
61383237663737383533623939356461396535343334653766646231646563393139343137323939
35356132313266386361363938356333316130333162626166623065626366373465353363363063
39376464623139646137336136373366323638323733643332633661323664303062653833663438
35623933623431386666356237323337323038623263346231646139623761616334646166363034
34616666333365613133633939363334333861626332643134313664356339303431323239656332
64333230313630303262613131313337363765323237663532343930663937636437616135353330
39336137346437346264363432353965663739323430393330386364386161633135386365646632
64656665636332393039353633383465313339356635633133336636353133373064646562623036
63323039633936656130393761623665373465306235353535633864393133343430323730633333
62323830623462623861623138653535303962663732303435326237333764323930323338613662
36366162393830333864623066303334653263333135363361336664613433313764393536666335
37373238636266303465363164363463373861353864623461626261323833383933653434336230
63353338633331333262643339383864643963633464613737656237653036663165343663633534
37343965346634326161383130666636366132633837333231333465386636663765313332346430
64396262653232626133353030656237316164623966663434353361306436333361636232613031
65653763323365393666653431656264346133313861346438363266333733636538396666663536
65353766333233313165396336386534616564326230356438383839653665356531323939623062
66346438363737633531306433333432366238656264626635383034643164326433313238356132
35666438373866353436373366343161313338386230366337626234303833356163313364353337
61346234613939666263393432396164306365303663353332663833613861353734303135356163
32643236373933303430636535643538643932383238303436326430383737313935333031376662
61666132616666383462613634373033353866373331333330623064656662316633393035303762
36636533353335396431346633323231326336613739356233353738393136383863393634333136
61326563353933633033386333383730633032636464303632663431386561353035646234386335
32383031373538643438313032376364393161313362333363313433663637313536303462353764
62623235336530386430643138626466653233356136393532306665303365373533393035333336
66306664316662616137313235306331376165663164376366326138393238336436343139316635
33666636616430393863343338366162353063366232303730613031333761383465663032376465
39306562323132636536353263623938386534653934656636336361663138326663663539613932
64316335666265303135306161643735636335353532613932326437626232333231356663373135
61663032313237353332663039633735393935313939613634393731313865623265366333616532
32626162653362343439313030636465313834306432353533363263616133353736396138633263
37303734343664393530363138653862663864666431396563386437623164376437363833353763
61623863386535383838373066643163316338323866383163666138376332663035623833343362
30633935323364363031383532616435306466386264323033386133376539643838313538623563
34396532363962643532363361376166653462373630666238396235316561386435366365336333
38613465626161613363366431643061386339333764303035323364316165323931316565356161
64343535396264633638393239633538363639306130353730363331343731306638613263386266
64306539376632343938333332313530656530343462663062373165323564386630653264303363
37316136653937383665346333643264323266643137313537643662393939656630623939613235
33633934323938646665393832393539646134653835643038303636623033363863653230316137
39366435386537316163383363346235396663353536623435336238623063323834353836386464
38313439336233393034306566313134373530323466313034626137363236313063643938363938
35313732306338383539353936303162383664636464363164616633333437343235313833363536
34303733336366336532343137306134323732343332613534623439666332303635373564616565
35396563653631336363326137386562306536353232643165663435303037316562326430653334
65346364393965386534303432326334303031316438656437656638343832343239376635333861
61303334333438306230373638366661633164386561353639633964346537333663616637373436
35336263383364376634383839393463653533383465346137643662666536373731613136393739
32306663623639303138396565326266343832663139356239653235646465363838326336653538
62373131663530616538613237653365336638303630663232386438373563663538326530633937
62333232623564333661383561633038353935306463326166383862396433643235343039356434
33353936663162626661363530393436323234373934366436356537356130366161383166386234
35373062326237613232376236646634346237353861626137363866646561373234336431366134
34626635396234323266616336333534633733616136363336376636343365396664353063633264
64306263343264363963626533303238613138663630353130366362643966393637626237646235
31393963323032366534306533633035656661656466636134363161333463653532376565393431
35613833333135333063376264306438386665613838316564353763663730393133386633313238
38306132333966623366343565316562383138646534323864626163613534373839313366343239
37353563303364343335343637333064393638396431366464343763383661353931623034656237
34303266386237346338653834323665643133373630396634343862353033366561396439396666
30303261336161616231373335353861626136633334656537313063373661393335373131656136
35633534633831626331393031613134376438303665613137333835323132356333626536363533
31303033383133336130346639323164643837306630333238383364613731653666653932383463
64393832653838383464376362613233623332303366633530333933343933613665623730653532
34333833393563316366396164623636616534666361666365326132396664363562376232396330
38313833303237306565396666383436363263363334623531373061636535663961666437323633
32373966313064643434303133323738303739316238373030316535636563336163306330326134
33316136353334643038393833643962323466323230663766373630386334303236636662616365
66613466613035343235346466353437613661633464363533623462363433303036386263653733
30316334613066363631363239376338373737376135346563343434346536386339343231313338
32393065646236383665353663363538306236663765313832356432373633653365386338343039
39613932613038663461626339383133656331383564333461303937366266356262343539393630
65366139636264346238643632613933326137316639653130616636306139363561366137636535
63633464643263373238323566663331366461616536653661316330306666643137393861313439
34666238613233616361336535323632363339646563616530663635353135393561633930386334
66313962333838393264343034306534383338353466373632343565326263303036346638343231
62383933323262356438383736353761666230333763356261316563663266376664313263666234
37616438333763623762663232376239366565656164663333646565386131363465613933653139
31663865613339353033303731393834383431663431666230663165363065623435336363646136
65316466326437343762353166303666313634646264353563393434346232666337396363356562
37666635623336313562393666646564393838663232616661353438373138386132303136633031
32383530396237343538616433643561316631336230373032326231333966306663376131343265
32356662313065653630656336353235373566373038653631313738656234393564366536326134
63303431383461363534613163666562643638363238323734656265656137306536333933336532
36666135666235333666643630323834323961616162626637343932366163373966303533343861
32323936323161326234613562666662636664396437616234653364656362626232346536333661
36366338666637633332356133626436363331396637626663316463393432623964633665623366
30326261396336643363626662383630373563613433643035626364616331326233383639313535
30373566663565303834376337323733383130303363333737643536333434336338613137616638
30386236396563393562383765626534326165333562616230303836616434653166333534336439
64656436633138393632633835316332346139363438616539616261633439373431363039303561
62653263366431393239633932623564393734616632323531393836373336386532306566353162
61376163313062633032613536366663393065663961653362656134663636636135323530666438
65376335383338393633633734643734393863333061666663656235316630643366326166663362
33316131313239636266636261303839373562313764363237316330633434636332656132373964
35616539313665376135666432616463666437633932623162656261333636363333383134343638
32393036633439343233666339383537346133613263666561376330646163363666303936616334
64653433663632643166363565653933303034396462643131633939653034376436396432323132
33343362373363376536303664656563333263323435323837613337333531393630363334316133
34306539313762363536386338623563636134613038303533363838666436623633386332623732
39386461323362356630343934393364353861343232646666613230663039353561356463343566
37393561663639633761353064303032633264396534666530653363623662346436313239656537
35386265366464303633623462666266326434306261373266386566306536643563336430626135
3931616433633065373138336636653865383564616232363832
